1503
1504
1505
1506
3
5
1507
1508
1509
1510
1
4
1511
1512
1513
1514
2
0
1515
1516
1517
1518
6
3
1519
1520
1521
1522
4
5
1523
1524
1525
1526
0
2
1527
1528
1529
1530
1
6
1531
1532
1533
1534
5
3
1535
1536
1537
1538
0
4
1539
1540
1541
1542
2
1
1543
1544
1545
1546
6
0
1547
1548
1549
1550
3
5
1551
1552
1553
1554
4
2
1555
1556
1557
1558
1
6
1559
1560
1561
1562
0
3
1563
1564
1565
1566
5
2
1567
1568
1569
1570
4
1
1571
1572
1573
1574
3
0
1575
1576
1577
1578
2
5
1579
1580
1581
1582
6
4
1583
1584
1585
1586
1
3
1587
1588
1589
1590
0
2
1591
1592
1593
1594
5
1
1595
1596
1597
1598
3
0
1599
1600
1601
1602
4
6
1603
1604
1605
1606
2
5
1607
1608
1609
1610
1
3
1611
1612
1613
1614
0
4
1615
1616
1617
1618
6
2
1619
1620
1621
1622
5
1
1623
1624
1625
1626
3
0
1627
1628
1629
1630
4
6
1631
1632
1633
1634
2
5
1635
1636
1637
1638
1
3
1639
1640
1641
1642
0
4
1643
1644
1645
1646
6
2
1647
1648
1649
1650
5
1
1651
1652
1653
1654
3
0
1655
1656
1657
1658
4
6
1659
1660
1661
1662
2
5
1663
1664
1665
1666
1
3
1667
1668
1669
1670
0
4
1671
1672
1673
1674
6
2
1675
1676
1677
1678
5
1
1679
1680
1681
1682
3
0
1683
1684
1685
1686
4
6
1687
1688
1689
1690
2
5
1691
1692
1693
1694
1
3
1695
1696
1697
1698
0
4
1699
1700
1701
1702
6
2
1703
1704
1705
1706
5
1
1707
1708
1709
1710
3
0
1711
1712
1713
1714
4
6
1715
1716
1717
1718
2
5
1719
1720
1721
1722
1
3
1723
1724
1725
1726
0
4
1727
1728
1729
1730
6
2
1731
1732
1733
1734
5
1
1735
1736
